0.507117
0.520689
0.5309
0.539118
0.548481
0.563704
0.624751
0.637717
0.647862
0.657676
0.667105
0.679021
0.743663
0.757628
0.768731
0.778369
0.789893
0.861992
0.875405
0.884702
0.894464
0.903992
0.91684
0.982942
0.995686
1.00623
1.01395
1.02308
1.03535
1.10006
1.1133
1.12334
1.1334
1.1449
1.21828
1.23221
1.24312
1.25234
1.26088
1.27409
1.33874
1.35038
1.35952
1.36862
1.37921
1.39333
1.45824
1.47136
1.48216
1.49295
1.5026
1.57396
1.58816
1.59879
1.60641
1.61732
1.6331
1.69511
1.70824
1.72001
1.72819
1.7377
1.75163
1.8141
1.8281
1.83822
1.84842
1.86154
